20
39843 39881 20522 20114 3 11897 5279 74 89 96 58
39724 39430 20919 20227 3 7295 34728 28 46 33 14
703 687 125 343 321 68 78 38 8 2 66
39078 39880 20882 20735 3 22243 24336 53 36 6 40
36478 39536 170 1 1442 22516 31242 4 70 37 6
38850 37146 6 132 1443 28733 35729 1 38 55 58
35510 11125 1346 1407 395 35248 9485 18 91 26 9
192 223 29 170 28 25 108 89 74 40 51
36402 39273 278 35 1000000 11371 25106 51 98 33 54
39954 39461 443 17 1000000 34349 36388 60 98 69 44
6 10 3 2 2 0 0 5 4 3 2
9870 591 100 109 1000000 46 313 37 25 63 70
20133 29990 1305 1623 603 7664 19517 81 90 36 9
35728 35276 139 460 1000000 14745 27690 33 97 8 69
4 4 1 1 3 1 1 2 2 2 2
37637 35252 131 4 1326 1844 2265 72 38 3 79
4 4 2 2 1 0 2 1 2 3 4
39527 38179 294 327 1000000 12899 20050 56 52 99 46
16 18 5 1 5 10 8 21 27 29 87
4886 4367 95 87 1000000 3493 4363 2 66 19 64
